{
    "99/1": {
        "obj_id": 1,
        "bbos_est": "[282. 183. 402. 308.]",
        "R": "[[ 0.8476969   0.24770722 -0.46909592]\n [-0.5010685   0.0835277  -0.8613672 ]\n [-0.17418438  0.96522754  0.19492447]]",
        "t": "[ 0.03028135 -0.00802439  1.5121504 ]"
    },
    "99/2": {
        "obj_id": 11,
        "bbos_est": "[385. 194. 472. 350.]",
        "R": "[[-0.7190023   0.6943855   0.02939947]\n [ 0.14798215  0.19428504 -0.9697188 ]\n [-0.6790706  -0.6928795  -0.24244806]]",
        "t": "[-0.3256866  -0.19646569  1.6071676 ]"
    },
    "99/6": {
        "obj_id": 1,
        "bbos_est": "[337. 195. 421. 272.]",
        "R": "[[ 0.7788753   0.30887175 -0.5458494 ]\n [-0.30739325  0.9466227   0.09703042]\n [ 0.5466834   0.09221584  0.83224607]]",
        "t": "[0.10325589 0.01669366 1.8189013 ]"
    }
}