{
    "97/1": {
        "obj_id": 11,
        "bbos_est": "[279  36 363 167]",
        "R": "[[-0.86152124  0.35907948 -0.35894728]\n [ 0.5043588   0.52403027 -0.6863049 ]\n [-0.05833882 -0.7723045  -0.63256806]]",
        "t": "[-0.15156539  0.06968576  1.2235825 ]"
    },
    "97/5": {
        "obj_id": 11,
        "bbos_est": "[279  70 363 202]",
        "R": "[[-0.46546614  0.88215584 -0.07171044]\n [ 0.20390838  0.02804202 -0.9785882 ]\n [-0.8612565  -0.47012207 -0.19293155]]",
        "t": "[-0.14083539  0.09247216  1.2800484 ]"
    },
    "97/9": {
        "obj_id": 11,
        "bbos_est": "[279 106 363 238]",
        "R": "[[ 0.03435879  0.9714062   0.23492435]\n [ 0.9409594   0.04776639 -0.33513254]\n [-0.3367713   0.23256901 -0.9124126 ]]",
        "t": "[-0.13404062  0.13235064  1.3892523 ]"
    },
    "97/13": {
        "obj_id": 11,
        "bbos_est": "[280 141 362 273]",
        "R": "[[-0.34766105  0.9374979  -0.01514727]\n [ 0.93231994  0.34736595  0.10058029]\n [ 0.09955545  0.02084575 -0.9948136 ]]",
        "t": "[-0.12365662  0.16210254  1.6123216 ]"
    },
    "97/17": {
        "obj_id": 11,
        "bbos_est": "[280 174 362 306]",
        "R": "[[-0.91295165  0.40783668 -0.01373161]\n [ 0.09307724  0.17535631 -0.98009527]\n [-0.39731088 -0.8960577  -0.19805215]]",
        "t": "[-0.12629537  0.23528169  2.1016183 ]"
    },
    "97/21": {
        "obj_id": 11,
        "bbos_est": "[280 174 362 306]",
        "R": "[[-0.926127    0.3769085  -0.01512332]\n [ 0.09182938  0.18639117 -0.9781746 ]\n [-0.36586353 -0.9073027  -0.20723318]]",
        "t": "[-0.08943884  0.2095071   2.1005573 ]"
    },
    "97/25": {
        "obj_id": 11,
        "bbos_est": "[280 174 362 306]",
        "R": "[[-0.9330946   0.35895532 -0.02203531]\n [ 0.09517     0.18737546 -0.9776673 ]\n [-0.34680995 -0.91435313 -0.20900081]]",
        "t": "[-0.05000029  0.18465064  2.096768  ]"
    },
    "97/29": {
        "obj_id": 11,
        "bbos_est": "[280 173 362 306]",
        "R": "[[-0.9445146   0.32597864 -0.0403751 ]\n [ 0.10618053  0.18668751 -0.9766645 ]\n [-0.31083423 -0.92676085 -0.21094167]]",
        "t": "[-0.00942568  0.16007528  2.064988  ]"
    },
    "97/33": {
        "obj_id": 11,
        "bbos_est": "[280 173 362 306]",
        "R": "[[-0.96128225  0.27197388 -0.04434859]\n [ 0.10295198  0.2051726  -0.973296  ]\n [-0.255612   -0.9401779  -0.22522901]]",
        "t": "[0.0323699  0.13935147 2.0638018 ]"
    },
    "97/37": {
        "obj_id": 11,
        "bbos_est": "[280 173 362 306]",
        "R": "[[-0.9678559   0.24429236 -0.05980043]\n [ 0.11172121  0.20457822 -0.9724537 ]\n [-0.22532912 -0.94787604 -0.22529492]]",
        "t": "[0.07492508 0.11841252 2.040295  ]"
    },
    "97/41": {
        "obj_id": 11,
        "bbos_est": "[280 173 362 307]",
        "R": "[[-0.97883487  0.19436248 -0.06407483]\n [ 0.10709181  0.21965666 -0.96968156]\n [-0.17439525 -0.95602006 -0.2358222 ]]",
        "t": "[0.11852579 0.10114694 2.0345736 ]"
    },
    "97/45": {
        "obj_id": 11,
        "bbos_est": "[280 173 362 307]",
        "R": "[[-0.9846945   0.15822573 -0.073084  ]\n [ 0.10701153  0.21788917 -0.9700891 ]\n [-0.13756885 -0.9630622  -0.23148626]]",
        "t": "[0.16321921 0.0871006  2.0232182 ]"
    },
    "97/49": {
        "obj_id": 11,
        "bbos_est": "[280 172 362 307]",
        "R": "[[-0.98968697  0.11737122 -0.08211961]\n [ 0.10566767  0.21112265 -0.9717311 ]\n [-0.09671597 -0.97038704 -0.22134769]]",
        "t": "[0.20992868 0.07593055 2.0133524 ]"
    },
    "97/53": {
        "obj_id": 11,
        "bbos_est": "[280 172 362 308]",
        "R": "[[-0.99295145  0.07770415 -0.08949538]\n [ 0.10499892  0.2264529  -0.9683462 ]\n [-0.05497803 -0.97091764 -0.23301561]]",
        "t": "[0.2574382  0.06663237 2.0081232 ]"
    },
    "97/57": {
        "obj_id": 11,
        "bbos_est": "[280 172 362 308]",
        "R": "[[-0.99491286  0.0278091  -0.09682529]\n [ 0.10064111  0.2318681  -0.9675271 ]\n [-0.00445536 -0.97234976 -0.23348726]]",
        "t": "[0.30473283 0.06131176 1.9966758 ]"
    },
    "97/61": {
        "obj_id": 11,
        "bbos_est": "[280 171 362 308]",
        "R": "[[-0.99407685 -0.02570348 -0.10559677]\n [ 0.09673786  0.2335334  -0.9675246 ]\n [ 0.04952912 -0.97200894 -0.22966361]]",
        "t": "[0.3533707  0.05960421 1.9876426 ]"
    },
    "97/65": {
        "obj_id": 11,
        "bbos_est": "[280 171 361 309]",
        "R": "[[-0.99038637 -0.07683079 -0.1150304 ]\n [ 0.09395621  0.23669013 -0.9670315 ]\n [ 0.10152437 -0.9685426  -0.22719592]]",
        "t": "[0.40167528 0.05980501 1.9761227 ]"
    },
    "97/69": {
        "obj_id": 11,
        "bbos_est": "[280 170 361 309]",
        "R": "[[-0.98478997 -0.12028527 -0.12538013]\n [ 0.09517126  0.2302971  -0.9684554 ]\n [ 0.14536557 -0.9656577  -0.21534657]]",
        "t": "[0.4503263  0.06465918 1.9659165 ]"
    },
    "97/73": {
        "obj_id": 11,
        "bbos_est": "[240 170 322 310]",
        "R": "[[-0.9809375  -0.14651886 -0.12764777]\n [ 0.09178056  0.22966975 -0.96893144]\n [ 0.17128356 -0.96217674 -0.21184409]]",
        "t": "[0.44211733 0.07365961 1.9615595 ]"
    },
    "97/77": {
        "obj_id": 11,
        "bbos_est": "[170 169 254 310]",
        "R": "[[-0.97963274 -0.16006424 -0.12124003]\n [ 0.08377507  0.22292894 -0.97122824]\n [ 0.18248683 -0.96160394 -0.20497909]]",
        "t": "[0.39269677 0.08521038 1.9663427 ]"
    },
    "98/1": {
        "obj_id": 11,
        "bbos_est": "[275. 140. 365. 307.]",
        "R": "[[-0.9716283   0.23592474 -0.01667099]\n [ 0.13000177  0.4738533  -0.87095493]\n [-0.19758023 -0.8484118  -0.4910799 ]]",
        "t": "[-0.0073356 -0.3466767  1.5694042]"
    },
    "99/1": {
        "obj_id": 1,
        "bbos_est": "[282. 183. 402. 308.]",
        "R": "[[ 0.8479079   0.2419769  -0.4716983 ]\n [-0.4494947  -0.14360623 -0.8816642 ]\n [-0.2810812   0.9595959  -0.01299751]]",
        "t": "[ 0.02169863 -0.36949974  1.5121504 ]"
    },
    "99/2": {
        "obj_id": 11,
        "bbos_est": "[385. 194. 472. 350.]",
        "R": "[[-0.8870567   0.46055472 -0.03193127]\n [ 0.1989979   0.31903797 -0.9266146 ]\n [-0.41656944 -0.82831395 -0.37465423]]",
        "t": "[ 0.16008964 -0.4274785   1.6071676 ]"
    },
    "99/6": {
        "obj_id": 1,
        "bbos_est": "[337. 195. 421. 272.]",
        "R": "[[ 0.7744558   0.31421492 -0.5490786 ]\n [-0.43115127  0.8973032  -0.09463406]\n [ 0.46295452  0.31002584  0.83039576]]",
        "t": "[ 0.09739498 -0.41633165  1.8189013 ]"
    }
}